Quest    Avg(ms)    STD(ms)    Time%    Avg(MB)    STD(MB)    Mem%     Lang       Size(kB)   Lines 
-----------------------------------------------------------------------------------------------
1        809.29     2.28       0.80     89.65      0.06       3.26     .py        2.95       72    
2        1344.74    46.66      1.33     90.39      0.07       3.29     .py        5.48       163   
3        2113.36    569.09     2.09     89.80      0.30       3.27     .py        5.11       133   
4        808.77     0.98       0.80     89.57      0.04       3.26     .py        1.89       65    
5        4154.73    45.36      4.11     115.18     81.45      4.19     .py        2.64       83    
6        1278.06    312.09     1.26     108.57     2.43       3.95     .py        3.08       90    
7        10678.85   96.47      10.56    91.40      0.08       3.33     .py        6.75       197   
8        2449.59    50.57      2.42     90.60      0.08       3.30     .py        2.76       97    
9        19545.73   1091.40    19.33    467.93     0.42       17.03    .py        3.87       120   
11       943.68     45.71      0.93     64.61      45.69      2.35     .py        2.45       69    
12       809.04     1.26       0.80     89.78      0.08       3.27     .py        3.79       121   
13       1109.99    1.51       1.10     96.47      0.06       3.51     .py        3.48       95    
14       1879.55    48.41      1.86     92.42      0.04       3.36     .py        5.43       151   
15       6229.90    1.43       6.16     245.11     0.30       8.92     .py        3.62       110   
16       3418.75    80.81      3.38     113.67     0.09       4.14     .py        6.53       186   
17       2180.64    123.53     2.16     93.07      0.08       3.39     .py        3.79       137   
18       5124.93    80.38      5.07     429.50     0.03       15.64    .py        7.19       198   
19       909.34     0.55       0.90     102.73     2.44       3.74     .py        3.86       112   
20       34506.84   1396.04    34.13    95.96      0.07       3.49     .py        7.40       241   
21       809.33     1.72       0.80     90.57      0.11       3.30     .py        5.14       180   
-----------------------------------------------------------------------------------------------
Total    101105.13  3996.27    100.00   2746.97    133.91     100.00              87.18      2620  

Challenge: Everybody Codes: The Kingdom of Algorithmia!, Iterations: 3