Quest    Avg(ms)    STD(ms)    Time%    Avg(MB)    STD(MB)    Mem%     Lang       Size(kB)   Lines 
-----------------------------------------------------------------------------------------------
1        109.99     3.21       0.06     1.58       0.03       0.04     .py        2.47       74    
2        26392.64   365.30     15.18    107.76     76.20      2.72     .py        2.98       88    
3        110.09     1.26       0.06     1.58       0.02       0.04     .py        0.89       25    
4        111.13     2.99       0.06     1.58       0.01       0.04     .py        1.74       51    
5        142.58     48.09      0.08     6.62       7.12       0.17     .py        2.24       69    
6        3287.08    46.95      1.89     16.81      0.09       0.42     .py        2.45       73    
7        11622.30   330.55     6.68     890.52     15.71      22.47    .py        2.97       85    
8        2017.32    81.83      1.16     58.67      0.08       1.48     .py        4.13       123   
9        38458.51   5234.02    22.11    17.20      0.11       0.43     .py        3.87       131   
10       9055.44    379.13     5.21     277.36     196.12     7.00     .py        6.29       177   
11       9669.39    507.09     5.56     16.95      0.31       0.43     .py        4.05       107   
12       41695.10   9418.88    23.97    2397.19    1.95       60.48    .py        5.76       167   
13       196.14     58.63      0.11     10.68      6.66       0.27     .py        3.06       89    
14       6190.75    436.35     3.56     57.52      0.58       1.45     .py        6.61       208   
15       9078.78    387.63     5.22     33.85      0.07       0.85     .py        7.69       231   
16       351.99     52.68      0.20     17.31      12.24      0.44     .py        2.49       79    
17       15113.41   1471.11    8.69     31.33      0.25       0.79     .py        5.42       167   
18       210.30     0.79       0.12     17.33      0.15       0.44     .py        5.49       132   
19       108.45     0.89       0.06     1.55       0.05       0.04     .py        2.34       78    
-----------------------------------------------------------------------------------------------
Total    173921.41  18827.38   100.00   3963.38    317.74     100.00              72.93      2154  

Challenge: Everybody Codes: The Song of Ducks and Dragons!, Iterations: 3